#0 first color
255 255 255
255
45 202 213
130 104 109
178 188 55
135 84 180
25 188 51
231 248 15
121 3 37
48 95 15
23 137 71
88 227 7
154 31 123
169 95 4
166 201 160
48 195 45
125 70 61
205 13 7
205 98 248
199 115 179
213 147 50
159 68 31
142 233 203
114 198 198
113 80 210
40 29 107
27 200 172
72 253 246
211 242 253
32 187 98
202 36 86
169 245 85
130 227 112
79 229 220
200 123 131
127 34 97
31 3 247
177 88 212
143 15 126
66 62 162
57 235 97
91 216 233
23 5 122
188 192 17
223 246 55
31 11 169
207 76 160
144 14 62
249 0 44
240 6 140
74 62 234
123 114 48
86 235 82
6 163 193
184 8 178
88 205 10
132 229 17
193 152 172
26 201 8
228 12 114
98 107 215
78 71 42
51 123 198
70 93 176
118 12 142
