#0 first color
255 255 255
122 43 136
33 70 7
52 93 210
163 160 89
190 75 74
21 42 27
184 145 246
247 100 205
130 147 208
201 206 89
252 133 218
11 232 1
166 231 148
61 50 131
0 57 126
223 44 245
138 251 24
113 86 215
196 173 226
115 48 169
46 207 92
101 58 235
72 225 6
199 244 29
146 99 96
25 222 191
210 153 54
219 120 81
182 183 36
141 66 83
144 137 142
175 188 69
154 203 168
193 102 167
84 253 242
67 192 249
62 159 236
181 74 187
216 49 22
151 132 109
162 51 240
105 238 143
28 37 250
171 8 161
198 135 180
221 82 35
32 217 158
127 76 149
170 155 56
17 118 119
228 77 2
19 80 73
78 111 124
5 90 139
104 129 38
