US Army Const. Eng. Rsch. Lab May 1987 Stuart Bradshaw
                                   Quads   May 1987    24000

     3     1    13     2 2.43902652676D+01     4     0     4     1
   0.0                     0.0                     0.0                  
   0.0                     0.0                     0.0                  
   0.0                     0.0                     0.0                  
   0.0                     0.0                     0.0                  
   0.0                     0.0                     0.0                  
 1.00000000000D+00   0.0               0.0               0.0            
SW        0.000000    0.000000         589000.00  4913000.00
NW        0.000000    0.000000         589000.00  4930000.00
NE        0.000000    0.000000         610000.00  4930000.00
SE        0.000000    0.000000         610000.00  4913000.00
                       0     3     3 01      4     4 010     4     4   1
N    1   599587.18  4914067.53     0     3     0     0     0     0
     1     3    -2
N    2   599375.88  4927959.83     0     3     0     0     0     0
    -1     2    -3
N    3   589001.00  4913001.00     0     2     0     0     0     0
     4    -4
A    1   599500.00  4921500.00     0     1     0     1     0     0
    -4
     0     0
A    2   599500.00  4921500.00     0     4     0     0     0     1
     4     0     3    -1
A    3   594125.63  4921115.58     0     2     0     1     0     0
     1     2
   999     1
A    4   604433.84  4921087.10     0     2     0     1     0     0
    -2    -3
   999     2
L    1     1     2     0     3                 4     0
   599587.18  4914067.53   589639.15  4913922.57   589440.97  4927803.63
   599375.88  4927959.83
L    2     2     1     4     3                 2     0
   599375.88  4927959.83   599587.18  4914067.53
L    3     1     2     4     0                 4     0
   599587.18  4914067.53   609541.55  4914236.06   609316.11  4928116.85
   599375.88  4927959.83
L    4     3     3     1     2                 5     0
   589001.00  4913001.00   589001.00  4929999.00   609999.00  4929999.00
   609999.00  4913001.00   589001.00  4913001.00
